1:5,3,5,4,6,6,1,7,4,8,1,8,2,7,7,1,3,7,2,4,8,7,2,9,9,5,3,1,3,7
2:9,6,2,6,5,6,7,4,3,7,4,3,8,3,2,4,1,1,9,4,2,5,2,5,9,9,2,5,8,1
3:8,8,9,5,5,2,9,6,8,8,3,1,8,7,4,5,4,3,5,3,7,8,2,7,5,5,5,2,3,1
4:2,9,2,7,9,8,8,1,1,2,2,1,5,4,7,4,6,8,3,1,4,5,5,4,9,9,5,1,6,1
5:9,7,7,7,4,2,7,5,5,4,6,9,8,5,6,2,6,3,1,3,9,3,9,5,6,6,8,4,4,4
6:5,1,4,9,9,3,6,4,1,2,9,6,9,8,2,5,9,4,5,2,7,6,3,2,7,3,7,8,7,7
7:1,4,6,3,1,4,4,3,4,1,3,3,1,6,6,7,8,1,9,5,3,5,7,1,3,8,2,8,1,7
8:2,9,1,3,4,6,2,3,8,7,1,6,5,2,5,2,5,8,3,3,4,7,6,1,8,1,4,1,6,9
9:8,7,2,9,9,3,8,8,3,5,2,6,4,6,8,9,5,9,3,4,9,5,5,7,3,8,7,5,1,1
10:7,7,1,8,4,8,5,3,7,2,7,7,9,1,5,2,2,4,7,8,7,3,4,9,6,3,6,5,2,4
11:5,2,5,6,5,5,8,7,2,9,4,8,8,1,6,2,6,3,6,3,3,1,8,1,5,4,4,6,9,1
12:9,9,3,7,2,2,5,6,3,1,8,2,9,1,9,5,3,8,2,3,6,6,1,5,2,9,6,6,4,1
13:4,3,7,3,7,3,1,2,1,4,6,9,9,3,3,2,5,1,8,7,8,5,2,9,5,1,7,3,6,3
14:4,8,5,4,6,5,3,5,8,5,3,9,1,7,5,2,2,1,4,2,3,9,9,4,3,5,1,6,1,3
15:7,2,3,8,2,4,3,7,2,6,7,1,7,3,2,2,8,2,6,8,4,8,6,2,5,1,3,6,8,5
16:1,4,5,4,9,3,4,9,5,1,3,4,1,9,8,3,3,6,6,9,9,8,1,4,4,6,1,2,7,2
17:6,7,8,4,4,8,3,2,9,2,2,6,8,6,8,2,7,9,7,3,8,7,2,8,5,4,8,9,1,8
18:5,7,6,2,7,1,2,3,5,7,8,4,4,4,5,8,5,4,5,1,6,2,6,3,3,9,3,7,4,4
19:4,7,4,2,5,9,9,2,9,3,5,4,8,6,7,6,3,3,4,4,4,2,9,4,9,6,6,1,7,2
20:3,1,8,2,7,6,9,3,4,4,3,2,9,4,2,6,8,4,5,9,9,4,1,9,8,3,7,8,4,5
21:3,5,1,6,4,3,2,3,2,2,5,2,9,2,4,1,9,3,7,9,6,7,5,6,7,1,5,7,9,1
22:4,6,3,6,9,1,6,8,1,7,9,9,8,5,6,9,3,9,3,5,3,7,4,8,4,2,1,9,5,2
23:3,4,4,3,9,3,9,9,3,8,3,8,9,6,2,7,9,9,1,4,2,7,1,7,7,7,8,2,8,5
24:2,9,7,2,6,1,4,9,7,5,3,9,6,9,2,5,3,9,9,9,9,9,2,9,7,3,1,8,4,3
25:6,4,2,6,9,7,1,8,1,3,9,4,3,2,9,4,1,2,8,7,8,7,5,2,4,8,2,4,6,4
26:1,9,6,8,6,1,5,3,8,7,3,5,4,6,8,1,1,5,3,1,4,1,9,6,9,3,6,8,1,5
27:9,5,4,6,3,4,8,8,7,2,4,1,1,7,5,9,3,1,1,8,8,1,5,5,9,8,6,6,4,4
28:3,5,7,6,5,3,3,5,8,9,3,2,5,6,6,1,3,9,4,4,6,3,2,3,6,4,4,9,7,6
29:8,7,1,8,2,4,8,8,9,7,2,5,2,2,4,8,8,2,8,9,9,7,8,1,2,5,2,5,1,3
30:1,9,1,9,8,1,3,6,2,8,1,6,1,7,3,2,9,9,1,6,7,6,3,5,4,8,6,5,7,4
31:2,6,7,5,3,7,2,9,2,6,8,8,7,5,7,6,8,8,9,5,7,5,2,3,3,3,5,1,5,6
32:8,6,6,8,5,3,8,3,3,4,3,2,6,4,1,4,4,5,4,2,1,7,3,6,5,8,6,5,1,9
33:6,7,6,1,2,5,1,6,6,2,7,1,8,1,6,9,1,1,4,1,6,9,7,4,4,5,3,6,4,2
34:4,5,3,2,2,5,5,3,5,5,9,9,6,2,7,1,2,6,8,1,1,7,6,3,2,3,3,9,2,9
35:2,4,7,5,5,4,5,1,6,5,3,5,7,3,8,3,4,9,1,3,9,1,9,3,9,2,9,1,8,3
36:4,7,9,5,9,3,7,8,2,2,3,9,8,5,2,9,2,4,3,9,3,4,5,5,3,4,6,4,8,4
37:2,3,4,7,2,4,7,4,7,9,6,4,5,4,8,2,4,6,2,1,5,7,2,9,4,4,8,1,2,3
38:6,2,4,3,6,3,9,3,9,9,6,9,9,3,8,5,4,8,9,3,9,2,4,4,5,2,2,1,2,4
39:9,2,3,7,2,3,9,1,5,4,6,8,7,7,9,6,2,3,6,8,6,6,8,5,1,2,3,8,1,7
40:8,2,4,6,3,9,7,2,6,9,2,7,3,5,4,4,3,9,2,5,9,7,7,8,7,5,7,3,8,7
41:9,5,6,6,1,6,7,3,4,7,3,1,9,9,9,9,1,3,6,7,4,5,8,7,2,2,1,4,4,5
42:1,7,5,8,8,3,1,3,1,6,5,6,1,5,7,9,8,1,2,2,4,3,1,6,1,7,8,2,1,5
43:9,9,9,8,8,3,1,6,5,3,2,2,6,1,9,7,3,4,4,8,1,4,9,3,6,7,1,7,3,8
44:9,3,2,5,6,5,2,2,5,1,2,1,7,6,1,3,6,6,8,1,1,2,4,8,8,8,9,2,3,1
45:5,6,3,8,9,3,1,6,3,9,4,8,6,1,1,2,3,5,5,6,5,5,9,1,8,7,2,2,4,4
46:2,2,4,7,1,6,4,6,8,7,4,8,7,8,8,4,1,6,3,3,5,2,4,1,4,9,5,2,2,3
47:7,3,8,5,1,3,8,1,8,1,4,9,9,3,1,8,3,5,8,5,2,7,3,2,2,4,8,1,3,3
48:8,6,5,8,2,1,6,2,7,8,5,6,4,4,8,3,8,5,2,4,7,2,5,4,7,9,5,9,3,9
49:8,9,4,4,1,9,8,9,8,7,9,5,3,3,3,7,2,3,8,1,6,4,9,5,2,3,7,8,7,4
50:5,2,4,2,3,1,5,9,9,7,7,5,7,1,8,2,8,5,3,6,8,9,6,9,1,2,6,3,5,3
51:6,9,1,9,8,4,2,1,4,5,8,3,4,3,5,6,2,1,2,4,7,7,6,2,5,1,6,9,6,3
52:2,5,7,8,5,9,6,4,9,2,1,6,3,8,3,8,1,7,8,9,4,1,4,6,1,7,3,5,4,9
53:7,6,3,8,8,6,4,6,5,4,4,4,3,5,9,6,9,9,5,5,5,9,1,5,4,7,2,8,5,7
54:3,8,8,4,3,5,6,8,2,9,6,3,4,5,1,6,4,5,4,9,4,3,3,2,6,3,7,5,7,3
55:7,5,1,7,7,6,1,1,5,4,4,2,4,1,7,9,3,1,6,2,6,2,7,3,9,5,4,3,5,9
56:8,4,9,2,4,6,4,6,8,7,9,2,7,3,1,5,2,8,7,7,8,3,9,1,3,4,9,5,4,3
57:8,4,7,1,3,3,8,6,5,7,4,5,7,3,4,8,6,3,9,6,7,2,7,9,3,2,1,4,9,3
58:8,1,9,5,7,1,4,6,1,5,7,6,2,1,6,6,1,4,7,7,2,3,9,2,4,4,5,6,6,6
59:5,3,1,9,6,2,8,1,9,3,1,2,4,4,2,5,2,2,2,5,5,1,2,4,5,7,1,9,6,3
60:1,4,6,5,4,2,4,8,6,2,8,2,2,5,7,1,2,4,2,6,7,4,3,8,6,3,8,6,7,7
61:4,5,6,3,8,5,2,6,7,2,7,2,2,1,8,8,3,1,5,1,5,6,5,4,4,4,4,4,2,6
62:6,3,8,8,3,9,9,5,2,6,7,2,5,5,1,4,7,6,9,9,2,8,4,3,2,5,7,3,9,9
63:3,7,6,7,5,2,9,1,2,3,3,9,3,7,6,1,1,6,8,7,8,3,6,8,6,1,8,1,5,7
64:2,2,6,7,5,3,7,8,9,2,9,5,9,4,7,2,3,5,4,2,6,8,2,5,9,1,1,4,5,8
65:3,2,6,3,1,8,8,2,6,2,6,4,8,3,3,7,3,5,3,1,3,9,2,2,4,7,8,2,1,8
66:9,1,9,3,8,1,7,3,1,1,7,2,3,6,6,9,3,1,4,3,4,4,2,1,7,7,5,2,5,1
67:4,3,4,9,2,3,3,2,9,8,9,4,9,3,8,9,2,7,6,9,9,6,5,8,5,2,9,1,4,3
68:7,3,8,8,8,7,9,3,3,2,4,1,5,1,9,5,6,6,1,2,6,1,9,3,7,7,4,2,6,3
69:8,4,1,4,6,7,9,4,1,8,1,7,2,1,6,7,9,5,2,7,1,9,2,3,4,3,7,6,5,2
70:4,4,6,6,9,9,7,4,2,7,1,5,7,2,2,8,6,2,7,7,8,9,5,3,7,6,7,2,5,9
71:1,7,1,6,4,5,8,2,9,2,9,4,2,5,2,4,4,4,9,5,9,2,8,5,6,8,4,4,4,8
72:2,4,5,5,4,8,4,7,3,5,8,1,8,3,8,7,8,6,9,8,5,2,2,1,7,7,1,3,8,9
73:7,2,4,3,5,4,5,8,2,2,5,5,8,1,8,7,6,9,2,4,4,7,2,2,6,9,4,2,5,8
74:8,1,3,7,2,6,5,8,8,3,6,6,4,3,2,3,3,4,8,7,2,4,7,8,7,1,8,2,7,4
75:7,5,9,3,3,7,6,9,3,5,7,7,8,3,6,4,4,5,8,6,4,1,2,6,2,6,8,2,7,4
76:8,5,6,8,9,2,3,1,9,2,8,1,8,4,1,4,3,5,5,2,9,6,2,6,9,2,2,4,3,6
77:6,3,2,3,6,7,9,8,4,3,6,4,1,1,7,7,7,6,7,7,6,8,5,6,6,1,9,7,6,2
78:5,7,6,1,3,7,8,2,4,2,8,9,2,7,4,5,1,7,3,4,3,5,2,3,2,7,6,4,6,1
79:1,1,1,2,3,4,5,3,8,3,6,6,6,4,3,6,5,4,6,3,5,1,1,6,1,1,5,2,6,8
80:8,4,9,3,6,7,9,4,7,1,7,1,2,2,7,2,8,7,3,8,2,5,6,8,4,6,4,5,8,8
81:7,8,8,4,5,4,3,3,9,9,7,5,6,8,9,5,3,2,8,8,1,9,6,5,6,5,3,6,5,2
82:8,1,8,7,4,8,4,9,7,2,3,9,6,9,5,1,8,6,9,1,5,7,3,2,1,8,1,2,4,9
83:4,9,9,8,3,1,7,7,9,7,3,6,4,3,3,1,6,9,5,2,5,5,8,7,3,5,9,4,4,2
84:3,9,8,3,2,4,4,8,1,7,2,4,6,4,4,6,2,7,8,4,5,2,6,9,2,1,3,6,5,1
85:3,4,7,5,3,7,7,8,1,8,3,2,4,3,2,3,5,6,5,3,3,5,3,4,3,9,2,3,9,3
86:4,3,1,8,7,9,3,7,4,2,3,2,4,8,3,2,5,3,7,9,7,2,4,3,8,9,3,7,1,9
87:2,5,1,3,2,2,3,9,4,2,4,1,3,6,7,7,3,4,9,4,6,5,5,4,5,5,3,7,1,2
88:8,1,4,5,8,8,4,5,4,2,9,1,9,8,1,5,5,4,9,9,4,5,5,2,4,5,6,9,9,7
89:5,7,8,5,1,5,6,4,3,1,9,8,9,8,5,3,6,6,5,3,5,6,6,7,2,5,2,1,7,4
90:5,8,3,7,5,7,2,5,1,4,1,5,9,4,2,3,3,4,7,2,1,6,2,6,2,1,5,9,8,6
91:2,2,1,3,4,3,3,1,1,4,1,7,1,3,6,3,3,9,6,4,2,9,8,7,5,8,5,4,3,9
92:9,8,8,1,7,4,9,1,9,9,4,6,4,2,3,6,2,3,3,8,1,5,7,5,4,1,5,6,1,1
93:3,6,4,8,2,9,4,9,7,9,6,7,4,2,7,5,2,5,9,9,7,3,8,8,8,9,8,7,1,5
94:3,3,9,9,8,8,9,4,3,3,7,7,4,1,9,2,8,2,6,7,4,3,9,5,3,8,1,7,3,8
95:6,4,5,9,2,7,6,4,8,1,1,1,4,3,9,8,8,9,4,7,8,3,2,8,2,4,8,9,4,1
96:3,2,4,7,4,9,5,5,9,4,9,6,8,3,2,2,4,3,9,3,8,4,8,2,3,4,6,6,9,6
97:7,5,4,3,3,8,7,7,1,9,8,7,5,8,9,4,3,4,7,6,8,1,3,1,9,4,1,5,5,9
98:3,3,2,7,9,2,5,9,7,8,7,6,2,4,8,1,7,5,2,5,4,4,8,6,2,1,5,6,7,4
99:7,7,5,9,2,6,5,4,4,2,2,4,3,3,9,7,8,4,4,7,5,1,8,6,2,7,4,6,7,8
100:2,7,6,2,8,3,2,9,6,3,3,4,3,2,9,9,8,1,5,9,1,4,4,7,9,2,9,8,8,2
