1:4,8,8,2,6,8,9,2,7,8,1,9,8,6,9,3,6,7,6,5,1,3,8,9,7,8,4,2,6,9
2:5,6,4,3,4,6,7,6,3,9,7,4,7,3,1,9,9,1,3,4,7,3,7,3,8,8,6,6,1,8
3:1,9,8,9,1,4,7,3,4,5,9,6,4,1,1,8,2,7,5,2,5,1,8,9,8,7,7,9,4,7
4:3,7,2,1,2,4,2,4,8,5,7,5,6,7,4,2,3,9,8,3,3,6,1,3,1,2,6,9,4,9
5:1,8,9,1,6,6,5,5,2,2,9,2,1,4,2,5,9,6,7,8,2,3,5,1,8,6,2,3,5,1
6:9,7,7,6,2,1,3,5,9,8,8,2,4,1,2,6,1,9,6,2,7,7,1,9,6,8,2,9,1,5
7:2,1,3,2,6,8,3,4,5,6,1,8,5,7,6,3,5,8,6,2,5,6,6,1,5,6,3,5,3,7
8:1,5,5,6,3,2,4,1,8,8,9,2,8,2,5,3,6,5,6,7,2,4,2,1,5,9,6,9,8,3
9:3,9,9,3,6,8,1,4,7,5,4,2,5,4,5,4,8,8,3,1,6,7,7,4,8,5,3,2,4,3
10:3,4,7,7,5,1,1,4,3,1,1,6,6,8,3,2,6,6,2,9,3,7,7,9,1,9,4,5,6,7
11:5,3,9,1,5,4,1,2,3,4,8,1,2,9,4,5,7,9,6,1,5,6,8,8,7,4,1,9,3,2
12:9,7,9,9,2,6,5,6,4,6,3,1,3,3,6,2,5,4,4,1,8,6,9,1,9,3,7,9,3,2
13:8,9,5,8,1,7,7,7,4,2,6,3,5,2,5,6,8,6,2,6,4,8,3,2,2,3,9,5,1,4
14:9,5,4,5,7,7,1,3,5,5,7,8,2,4,4,8,9,3,1,6,9,3,9,4,4,5,2,1,1,7
15:7,3,3,9,3,4,2,5,2,4,1,6,1,2,2,1,1,2,7,5,9,3,8,3,5,1,4,1,3,9
16:2,6,5,8,6,2,5,3,2,6,1,1,3,2,3,3,2,2,8,4,8,6,4,4,2,6,6,7,9,4
17:4,7,2,8,1,1,2,2,9,2,5,2,6,7,9,9,9,5,8,6,2,8,7,4,7,9,6,7,8,8
18:6,5,9,5,7,9,5,4,8,1,3,8,1,4,5,8,7,4,8,4,6,9,7,8,4,2,1,9,7,2
19:1,1,3,5,2,4,5,7,6,2,8,6,1,7,5,6,1,4,5,9,5,6,3,4,7,5,5,9,1,4
20:6,9,8,7,6,5,7,4,2,8,4,3,9,3,1,6,9,1,2,6,2,6,5,7,1,6,5,6,6,8
21:7,4,3,8,3,2,9,8,1,3,4,8,4,8,3,2,7,4,6,5,3,3,2,1,2,6,3,4,2,1
22:4,8,5,9,5,8,6,2,1,3,3,6,9,8,5,4,4,9,6,2,2,6,9,5,9,4,5,6,6,4
23:6,4,4,2,6,3,1,2,1,8,6,2,5,8,7,5,9,9,1,9,9,6,8,2,8,9,5,1,9,4
24:5,9,5,7,9,2,6,6,8,8,8,9,9,5,6,6,4,1,3,8,9,2,4,8,4,1,3,4,1,3
25:2,8,1,2,9,4,5,2,7,1,3,9,2,2,3,8,3,9,2,7,7,3,7,5,9,6,2,2,3,8
26:4,1,2,7,6,7,8,9,5,1,1,9,2,8,2,5,2,8,6,6,2,2,5,5,5,6,9,8,4,3
27:5,1,2,6,2,7,5,3,1,3,2,9,1,1,6,3,1,2,2,6,1,6,8,9,5,8,7,2,8,5
28:6,4,4,2,6,4,1,2,1,8,6,2,5,8,7,5,9,9,1,9,9,6,8,2,8,9,5,1,9,4
29:3,7,2,1,7,2,3,5,3,2,6,8,6,9,6,2,9,1,5,2,1,1,1,8,7,7,4,1,3,1
30:1,7,9,8,1,5,6,1,7,8,9,3,9,4,9,6,4,6,2,2,7,9,6,2,4,8,6,1,9,8
31:7,5,9,2,4,4,9,6,3,6,6,4,1,5,9,6,6,8,4,3,1,6,8,4,7,1,2,7,6,9
32:4,3,5,9,8,5,8,6,6,5,6,6,2,9,1,3,8,9,9,2,2,1,9,5,6,4,8,4,5,9
33:3,8,6,6,5,9,4,2,6,6,4,9,4,6,6,2,4,3,2,2,2,4,4,5,4,6,6,8,5,2
34:6,6,9,7,2,1,9,5,1,2,9,1,6,3,7,1,7,4,7,5,1,9,5,6,1,9,1,9,6,3
35:4,4,3,7,5,6,1,2,5,4,8,7,3,2,3,5,3,9,6,5,3,4,8,7,3,3,3,7,5,3
36:1,3,3,7,1,1,9,8,5,5,2,4,4,3,9,2,9,7,8,1,2,8,4,7,5,7,4,9,5,6
37:4,6,8,8,6,2,1,7,9,1,9,8,1,7,9,1,4,1,9,9,5,2,6,9,2,5,9,8,9,6
38:5,1,4,1,9,7,5,3,5,2,1,5,9,4,1,7,4,6,5,2,7,5,4,3,1,5,1,3,3,7
39:1,5,5,6,3,2,4,1,8,8,9,2,8,2,5,3,6,5,6,7,2,4,2,1,5,9,6,9,8,8
40:9,2,2,4,3,9,8,7,6,9,5,4,3,7,6,8,1,1,5,6,7,5,8,8,4,7,6,6,4,2
41:8,5,5,9,2,6,5,1,3,4,1,8,4,4,4,6,3,7,7,2,6,2,7,7,8,2,7,5,1,2
42:2,7,8,1,2,1,7,1,1,7,1,7,8,9,1,1,4,5,3,5,5,7,2,4,7,6,3,9,7,4
43:8,3,1,4,3,2,8,3,5,5,2,9,6,9,7,2,9,7,2,4,4,2,3,7,9,3,1,3,6,6
44:6,6,1,3,2,6,6,6,1,8,2,5,2,8,5,8,5,6,9,4,7,3,9,9,9,7,7,6,4,4
45:6,1,9,6,4,1,4,1,3,5,5,4,6,5,1,2,8,3,6,9,1,4,4,2,6,3,6,1,4,8
46:4,5,9,4,1,1,5,1,1,2,4,2,9,9,7,9,8,5,1,7,6,3,1,9,8,7,4,8,3,5
47:5,1,4,1,9,7,5,3,5,2,1,5,9,4,1,7,4,6,5,2,7,5,4,3,1,5,1,3,3,9
48:7,4,3,8,3,2,9,8,1,3,4,8,4,8,3,2,7,4,6,5,3,3,2,1,2,6,5,4,2,7
49:9,1,1,5,3,5,4,5,8,4,5,5,8,8,8,9,4,3,7,9,5,9,2,1,3,4,3,2,5,1
50:2,2,4,7,2,3,1,2,7,5,7,7,6,5,7,5,9,8,4,7,6,8,3,1,9,1,3,6,8,5
51:4,3,5,9,8,5,8,6,6,5,6,6,2,9,1,3,4,9,9,2,2,1,9,5,6,4,8,4,5,9
52:3,9,5,2,2,6,8,6,1,3,2,1,2,6,6,6,2,3,6,1,5,8,3,8,7,9,7,6,7,1
53:4,3,5,4,2,2,9,1,6,9,4,7,5,3,1,9,1,6,1,7,8,1,9,6,2,8,3,5,2,7
54:1,4,3,3,8,6,3,4,4,4,6,6,9,7,5,2,9,9,5,9,6,2,5,2,9,5,2,7,5,7
55:2,5,8,7,5,8,7,8,5,6,6,7,5,2,3,4,1,3,7,7,9,9,3,9,3,3,2,2,7,7
56:6,9,8,7,6,5,7,4,2,8,4,3,9,3,1,6,9,1,2,6,2,6,5,7,1,6,5,6,6,3
57:8,9,5,8,1,7,7,7,4,2,6,3,5,2,5,6,8,6,2,6,4,8,3,2,2,3,9,5,1,1
58:2,4,2,3,2,8,8,5,3,9,4,4,8,4,5,1,6,6,6,5,8,3,8,9,6,1,6,6,8,4
59:2,4,5,5,5,1,1,6,5,9,8,6,2,7,9,5,8,7,9,5,2,9,4,8,7,8,8,7,6,9
60:2,1,3,2,6,8,3,4,5,6,1,8,5,7,5,3,5,8,6,2,5,6,6,1,5,6,3,5,3,7
61:4,9,2,4,2,4,3,3,5,8,4,2,4,6,5,7,8,1,8,8,6,7,9,3,7,9,1,2,7,3
62:3,6,1,3,2,6,6,6,1,8,2,5,2,8,5,8,5,6,9,4,7,3,9,9,9,7,7,6,4,4
63:2,7,6,7,5,2,2,9,3,8,6,1,9,2,2,9,8,4,4,5,7,7,2,7,7,3,2,7,8,2
64:5,6,2,2,7,6,7,7,8,2,3,9,8,8,2,1,3,1,9,6,6,5,6,7,8,3,2,8,7,6
65:2,4,2,3,2,8,8,5,3,9,4,4,8,4,5,1,6,6,6,5,8,3,8,9,6,1,6,1,8,7
66:2,8,8,5,8,3,9,8,5,1,7,7,7,5,3,5,6,1,8,5,3,2,4,2,3,1,3,4,4,8
67:2,1,4,3,7,2,2,4,5,4,8,5,7,8,2,9,2,7,1,6,3,8,8,2,6,7,2,8,5,6
68:2,6,7,8,6,2,5,3,2,6,1,1,3,2,3,3,2,2,8,4,8,6,4,4,2,6,6,7,9,4
69:2,9,6,5,6,4,4,5,5,9,8,5,2,6,1,1,6,2,1,3,9,4,9,9,7,5,7,9,1,8
70:4,1,7,3,8,2,9,4,5,4,4,3,9,9,9,2,3,8,3,9,9,7,7,8,7,2,4,4,8,2
71:8,4,1,6,9,3,1,9,5,8,4,8,6,1,4,4,7,7,6,8,8,6,4,7,1,7,9,8,3,6
72:8,5,1,8,7,5,9,4,7,9,6,3,3,7,2,3,6,8,9,3,5,3,2,4,2,6,3,7,3,2
73:3,2,3,4,2,7,3,8,4,2,1,3,1,7,1,5,2,2,8,4,3,5,7,2,3,7,6,8,5,5
74:4,3,7,1,1,8,4,4,3,1,9,6,7,9,7,8,5,9,4,2,5,7,8,2,8,5,7,6,9,6
75:6,5,2,4,9,2,1,4,8,7,1,7,6,4,6,9,3,7,1,6,9,3,3,8,8,4,3,6,9,6
76:1,5,4,5,4,7,1,8,6,6,5,8,8,1,7,8,9,2,4,3,7,9,4,6,2,6,3,9,7,1
77:8,9,1,1,8,8,3,6,7,1,9,9,7,1,6,6,3,1,9,4,7,5,3,1,3,2,1,7,3,4
78:2,7,6,7,5,2,2,9,3,8,6,1,9,2,2,9,8,4,4,5,7,4,2,7,7,3,2,7,8,4
79:4,8,8,2,6,8,9,2,7,8,1,9,8,6,9,3,6,7,6,5,1,3,8,9,7,8,4,2,6,6
80:5,1,2,6,2,7,5,3,1,6,2,9,1,1,6,3,1,2,2,6,1,6,8,9,5,8,7,2,8,5
81:2,4,2,3,2,8,8,5,3,9,4,4,8,4,5,1,6,6,6,5,8,3,8,9,6,1,6,6,8,7
82:4,2,4,9,9,6,4,3,1,3,6,5,3,4,9,8,3,3,6,5,7,5,1,3,3,8,3,9,2,2
83:5,3,9,1,5,5,1,2,3,4,8,1,2,9,4,5,7,9,6,1,5,6,8,8,7,4,1,9,3,2
84:5,9,7,8,6,4,9,4,7,9,5,5,6,3,9,3,2,3,4,5,9,2,9,5,8,2,8,8,2,9
85:1,2,9,6,8,4,9,9,8,5,7,6,3,9,9,7,9,7,9,4,3,2,3,4,2,8,7,2,9,5
86:8,3,5,9,7,9,3,3,8,5,6,9,6,7,5,1,3,3,3,3,6,5,8,3,8,1,4,9,7,1
87:8,6,2,6,4,6,3,2,9,2,6,7,2,3,5,7,7,9,6,1,4,5,4,8,1,1,1,9,5,6
88:1,6,1,9,7,5,6,7,4,7,4,6,7,8,4,8,9,3,6,8,4,2,4,2,3,7,3,6,4,5
89:6,5,9,5,7,9,5,4,8,1,3,8,1,4,5,8,7,4,8,4,6,9,7,8,4,2,1,3,7,7
90:2,2,2,2,2,7,3,5,9,2,9,5,7,4,7,4,3,5,1,1,2,7,6,7,5,7,9,5,8,9
91:3,5,5,1,1,9,7,9,3,4,1,5,2,5,1,6,2,3,5,4,5,6,7,6,6,7,4,9,7,5
92:8,3,9,4,7,8,7,8,8,1,4,6,6,9,3,5,7,2,7,6,1,6,2,1,3,9,2,3,2,2
93:3,2,6,9,6,7,8,9,2,7,1,6,6,4,6,5,9,4,8,3,4,1,1,8,3,2,8,1,3,7
94:1,4,9,7,3,8,5,5,1,1,8,1,3,8,1,1,2,8,9,6,9,4,4,5,8,3,7,8,6,1
95:2,4,1,8,1,4,9,8,7,3,3,3,4,4,2,4,1,9,4,9,6,6,5,9,9,6,9,4,1,9
96:9,1,2,8,9,9,1,5,4,3,3,5,9,3,2,6,9,1,4,9,7,1,3,5,8,8,2,9,1,1
97:3,2,3,1,8,7,9,7,5,8,7,1,6,2,3,1,9,4,2,9,5,5,2,4,1,3,9,6,9,3
98:6,7,5,5,1,2,1,4,9,2,1,1,6,7,3,2,8,8,1,5,3,5,9,6,4,9,9,1,1,8
99:8,3,5,9,7,9,3,3,8,5,6,9,6,7,5,1,3,3,3,3,6,5,8,3,8,1,4,9,7,9
100:1,9,8,9,1,4,7,3,4,5,9,6,4,1,1,8,2,7,5,2,5,1,8,9,8,7,7,9,4,2
101:5,8,5,7,3,5,9,3,8,2,8,6,1,3,9,4,5,1,5,7,5,7,1,7,7,9,3,9,6,5
102:5,7,4,2,5,5,9,6,6,4,9,9,4,1,2,7,2,3,5,9,5,3,3,4,5,5,7,2,2,3
103:7,7,5,2,7,1,3,8,8,5,5,3,6,8,6,4,6,6,8,5,7,2,7,2,9,7,4,3,1,8
104:7,6,2,9,8,1,7,6,3,5,1,9,8,5,9,3,9,4,3,9,9,6,6,3,4,6,6,2,4,3
105:8,6,8,6,6,8,1,2,1,2,4,9,3,6,3,1,2,9,8,3,3,7,9,7,2,9,7,2,7,3
106:1,6,9,5,3,4,9,6,2,1,2,6,5,9,7,5,2,6,2,9,7,3,8,3,7,3,3,5,7,9
107:3,2,6,1,1,2,7,5,7,9,5,7,9,4,3,3,4,6,8,1,8,9,3,4,1,9,9,8,1,9
108:7,8,9,4,2,7,2,2,1,6,9,6,7,6,6,3,2,2,1,7,4,9,1,5,5,9,6,5,1,1
109:1,2,1,4,7,5,7,8,7,3,9,6,8,1,6,2,9,8,3,3,7,7,1,8,4,2,9,5,1,9
110:2,4,7,1,6,7,1,1,6,9,8,8,3,9,6,5,6,6,9,3,8,1,7,6,3,8,8,4,7,7
111:9,2,2,4,3,9,8,7,6,9,5,4,3,7,6,8,1,1,5,6,7,5,8,8,4,7,6,2,4,2
112:3,4,7,7,5,1,1,4,3,1,1,6,8,8,3,2,6,6,2,9,3,7,7,9,1,9,4,5,6,1
113:7,7,2,4,3,1,4,1,7,4,6,2,9,9,4,5,1,2,5,4,6,8,7,7,3,7,2,8,5,9
114:3,4,8,9,4,1,3,5,4,4,6,1,2,7,3,9,6,7,7,3,8,2,5,8,1,1,7,3,1,2
115:9,7,3,8,8,3,9,6,3,6,4,9,2,4,5,7,3,7,4,6,2,4,4,7,6,7,7,9,1,8
116:3,2,6,1,1,2,7,5,7,9,5,7,9,4,3,3,4,6,8,1,8,9,3,4,1,9,9,8,1,9
117:6,4,1,2,6,6,5,1,5,9,7,8,8,8,4,5,3,2,2,1,8,3,3,2,2,2,3,1,9,2
118:2,3,3,6,1,6,5,1,4,1,2,2,9,9,6,5,7,6,5,9,8,7,9,8,3,3,8,6,2,6
119:3,2,5,8,9,1,3,6,6,5,3,6,6,7,8,1,7,1,1,6,5,8,7,3,2,1,5,2,7,9
120:2,7,6,7,5,2,2,9,3,8,6,1,9,2,2,9,8,4,4,5,7,4,2,7,7,3,2,7,8,2
121:3,9,9,3,6,8,1,4,7,7,4,2,5,4,5,4,8,8,3,1,6,7,7,4,8,5,3,2,4,3
122:3,2,6,1,1,2,7,5,7,9,5,7,9,4,3,3,4,6,8,1,8,9,3,4,1,9,9,8,1,9
123:9,7,7,4,5,7,4,3,2,7,6,6,9,4,6,1,9,4,6,9,5,5,3,3,9,8,2,3,7,6
124:6,1,8,2,8,6,2,8,4,9,8,4,5,8,6,6,2,5,6,9,1,5,1,6,1,9,4,3,8,4
125:6,7,5,8,7,5,3,4,6,8,8,5,5,9,2,5,7,7,3,2,9,9,8,2,7,7,2,4,5,8
126:9,9,5,8,3,8,3,8,4,3,8,7,3,1,6,3,8,3,1,8,9,6,3,1,2,9,7,5,2,3
127:4,9,1,5,8,8,6,6,7,7,2,2,8,7,2,1,4,3,3,2,5,4,7,7,4,2,7,3,9,4
128:6,5,9,5,7,9,5,4,8,1,3,8,1,4,5,8,7,4,8,4,6,9,7,8,4,2,1,3,7,2
129:3,5,7,6,1,6,7,3,3,8,2,5,7,2,1,1,3,7,8,6,2,2,7,7,8,7,6,6,1,9
130:3,7,3,3,4,1,1,8,9,1,8,4,3,7,9,4,9,9,3,2,5,7,6,2,1,9,3,2,6,1
131:5,2,5,9,2,5,6,9,3,6,2,3,5,3,2,2,5,2,6,5,6,9,9,2,4,8,4,9,9,1
132:1,4,9,7,3,8,5,5,1,1,8,1,3,8,1,1,2,8,9,6,9,4,4,5,8,3,7,8,6,9
133:9,6,4,4,4,8,8,6,2,5,5,5,7,7,5,5,9,2,6,8,1,7,1,4,9,3,8,7,6,9
134:8,5,8,6,9,9,7,9,9,6,3,8,6,3,5,2,7,2,4,8,3,4,2,7,7,9,8,5,4,7
135:4,7,2,8,1,1,2,2,9,2,5,5,6,7,9,9,9,5,8,6,2,8,7,4,7,9,6,7,8,8
136:6,6,6,2,6,6,8,5,4,7,8,5,6,2,4,8,4,4,9,1,3,2,4,2,8,7,7,3,3,6
137:4,8,8,2,6,8,9,2,7,8,1,9,8,6,9,3,1,7,6,5,1,3,8,9,7,8,4,2,6,6
138:2,5,5,2,2,6,6,8,9,6,2,3,5,4,6,1,8,9,4,6,8,9,8,5,2,2,6,6,2,1
139:9,9,4,3,9,5,7,3,4,1,2,4,7,2,2,2,5,4,1,4,6,4,5,2,8,1,2,1,4,8
140:4,2,4,9,2,8,5,6,4,2,8,7,9,8,7,4,7,2,9,8,5,8,7,1,8,7,5,1,8,4
141:9,6,9,1,2,6,8,3,2,2,5,6,7,7,4,3,6,3,7,5,7,5,2,7,4,6,6,5,7,9
142:7,3,3,9,3,4,2,5,2,4,1,6,1,2,2,1,1,2,7,5,9,3,8,3,5,1,4,1,3,6
143:9,8,4,6,7,9,1,6,9,8,3,1,4,9,3,1,2,6,3,8,7,9,9,8,5,4,6,4,5,4
144:9,8,9,6,3,5,7,4,9,8,3,7,7,6,3,9,2,4,2,1,8,9,4,2,2,1,1,7,8,1
145:9,2,5,2,2,6,2,6,6,5,3,2,7,4,9,4,8,3,7,4,2,7,9,3,9,1,2,2,4,9
146:8,4,6,9,1,5,5,5,1,7,5,1,8,6,8,1,3,6,8,5,3,8,7,8,5,8,1,1,2,4
147:6,8,4,7,3,3,3,7,4,8,4,1,7,1,9,1,1,1,2,7,5,4,8,3,1,9,1,3,4,4
148:2,6,5,4,1,1,6,1,3,6,9,9,7,9,6,6,4,6,1,5,4,6,1,7,7,1,2,2,5,5
149:6,6,9,7,2,1,9,5,1,2,9,1,6,3,7,1,7,4,7,5,1,9,2,6,1,9,1,9,6,2
150:5,8,2,9,5,2,7,1,1,5,2,8,5,3,5,7,8,5,2,8,6,9,2,1,8,3,7,6,2,2
151:2,4,5,5,5,1,1,6,5,9,8,6,2,7,9,5,8,7,9,5,2,9,4,8,7,8,8,7,6,8
152:8,9,7,2,5,6,6,2,3,9,4,3,6,2,2,7,2,6,2,3,1,2,1,5,4,2,3,9,7,3
153:9,6,4,6,5,7,6,2,7,9,6,1,5,7,3,2,3,2,2,1,9,5,9,6,3,1,9,9,9,2
154:9,7,7,6,2,1,3,5,9,8,8,2,4,1,2,6,1,9,6,2,7,7,1,9,6,8,2,9,1,9
155:2,2,9,2,7,4,5,5,8,4,2,1,5,6,6,8,6,1,9,7,7,4,7,9,7,8,4,7,1,5
156:1,3,3,2,9,8,8,4,2,8,8,9,9,4,9,6,9,3,9,2,9,5,4,9,8,8,1,1,5,3
157:5,4,9,7,6,9,9,1,4,7,5,2,4,6,5,2,2,9,6,7,4,8,6,8,7,4,9,4,6,2
158:3,3,4,8,5,5,2,8,4,6,9,8,8,1,4,9,8,7,2,5,7,3,6,1,6,7,6,8,6,3
159:6,6,6,6,7,3,6,5,1,8,2,5,4,7,3,6,6,5,3,3,7,9,3,1,8,8,4,7,3,3
160:7,8,2,9,3,1,7,5,8,1,2,4,9,1,1,1,9,5,7,4,2,8,7,6,2,2,8,7,6,2
161:6,4,4,2,3,5,9,7,6,9,6,5,1,5,7,9,9,9,9,5,5,9,2,5,9,9,5,5,6,9
162:8,6,2,6,4,6,3,2,9,2,6,7,2,3,5,7,7,9,6,1,4,5,4,8,1,1,1,9,5,8
163:2,9,6,5,6,4,4,5,5,9,8,5,2,6,1,1,6,2,1,3,8,4,9,9,7,5,7,9,1,3
164:7,3,3,4,3,4,2,5,2,4,1,6,1,2,2,1,1,2,7,5,9,3,8,3,5,1,4,1,3,6
165:7,7,5,6,2,2,4,8,7,3,6,9,9,8,7,7,1,4,6,5,2,4,5,3,5,6,7,9,6,5
166:6,4,1,2,6,6,5,1,5,9,7,8,8,8,4,5,3,2,2,1,8,3,3,2,2,2,3,1,9,6
167:6,8,4,7,3,3,3,7,4,8,4,1,7,1,9,1,1,1,2,7,5,4,8,8,1,9,1,3,4,4
168:7,2,3,7,1,1,4,7,4,8,6,9,2,8,8,7,9,9,2,7,3,4,1,7,8,3,6,9,7,1
169:4,1,2,7,6,7,8,9,5,1,1,9,2,8,2,5,2,8,6,6,2,2,5,5,5,6,9,8,4,9
170:9,1,1,5,3,5,4,5,8,3,5,5,8,8,8,9,4,3,7,9,5,9,2,1,3,4,3,2,5,1
171:2,6,6,3,9,4,6,4,9,4,6,3,4,3,7,4,8,4,1,5,3,3,5,9,3,5,8,2,5,5
172:9,2,7,1,7,8,8,6,4,1,4,2,1,3,9,6,1,8,4,7,8,8,1,7,6,1,6,3,7,5
173:4,5,2,1,2,7,2,8,9,1,1,7,6,6,2,7,6,8,7,9,3,3,6,8,4,3,6,5,2,8
174:3,7,2,4,2,6,1,3,2,5,2,3,4,1,8,9,9,9,7,1,9,7,7,9,9,9,4,7,5,3
175:5,3,4,7,1,8,8,3,6,7,1,4,8,9,1,5,8,3,9,6,5,1,3,8,9,4,7,1,4,6
176:2,6,5,4,1,1,6,1,3,6,9,9,7,9,6,6,4,6,1,1,4,6,1,7,7,1,2,2,5,5
177:2,1,1,8,6,3,7,9,6,7,3,1,6,7,8,4,1,2,9,2,2,7,8,5,6,3,5,7,5,8
178:5,8,2,1,6,4,2,4,6,4,4,9,1,7,7,9,4,5,7,3,3,2,6,5,4,4,1,7,5,3
179:2,2,3,5,3,3,2,3,9,9,3,3,3,6,5,3,5,1,5,2,7,2,4,5,1,1,8,2,8,2
180:6,7,5,5,1,2,1,4,9,2,1,1,6,7,3,2,8,8,1,5,3,5,9,6,4,9,9,1,1,1
181:1,1,6,3,5,5,9,5,3,7,3,8,4,9,7,3,8,4,1,6,2,3,7,6,6,9,6,1,5,2
182:2,1,1,8,6,3,7,9,6,7,3,1,6,7,8,4,1,2,9,2,2,7,8,5,6,3,5,7,5,2
183:4,6,3,4,5,5,9,1,3,4,1,7,1,5,9,2,3,5,1,8,3,5,4,9,8,7,3,9,7,8
184:2,1,4,3,7,2,2,4,5,4,8,5,7,8,2,9,2,7,1,6,3,8,8,2,6,7,2,8,5,2
185:4,3,5,9,8,5,8,6,6,5,6,6,2,9,1,3,4,9,9,2,2,1,9,5,6,4,8,4,5,4
186:5,4,9,7,6,9,9,1,4,7,5,2,4,6,5,2,2,9,6,7,4,8,6,8,7,4,9,4,6,3
187:8,6,5,1,3,4,4,5,1,6,3,2,5,4,2,1,2,9,2,1,2,8,8,7,7,8,2,1,6,3
188:2,4,1,3,1,8,9,9,4,7,3,1,8,2,6,7,9,1,2,6,1,3,2,2,5,5,9,1,1,6
189:1,6,3,4,5,2,9,9,4,4,8,1,5,4,1,3,9,1,7,5,8,5,3,8,1,3,1,2,1,3
190:9,6,5,3,5,1,7,9,8,8,1,3,8,5,3,3,3,5,1,1,4,9,6,2,3,5,3,4,8,6
191:1,5,4,5,4,7,1,8,6,6,5,8,8,1,7,8,9,2,4,3,7,9,4,6,2,6,3,9,7,7
192:2,4,1,3,1,8,9,9,4,7,3,1,8,1,6,7,9,1,2,6,1,3,2,2,5,5,9,1,1,3
193:1,5,1,1,4,9,4,8,1,4,7,2,2,3,5,6,8,2,8,8,6,7,2,4,5,6,3,2,4,2
194:8,4,1,2,2,9,8,5,4,6,3,5,4,4,8,1,7,9,7,8,1,5,4,8,5,8,2,2,8,9
195:8,5,1,7,1,6,5,2,8,9,4,9,5,9,7,1,5,7,5,2,1,5,4,4,7,4,4,6,7,2
196:5,3,9,2,9,9,2,2,2,3,5,2,1,4,9,7,3,2,7,2,1,7,4,6,2,7,3,6,8,5
197:1,9,5,8,1,2,3,7,2,5,1,6,5,8,6,1,6,3,2,7,1,6,3,1,6,7,6,1,6,2
198:1,6,1,9,7,5,6,7,4,7,4,6,7,8,4,8,9,3,6,8,4,2,4,8,3,7,3,6,4,5
199:4,6,4,1,5,5,2,7,3,8,7,6,8,1,8,3,9,7,9,1,8,3,7,1,2,3,2,4,4,8
200:6,1,9,6,4,1,4,1,3,5,5,4,6,5,1,2,8,3,6,9,1,4,4,2,6,4,6,1,4,8
201:3,7,9,1,1,4,4,9,8,8,8,4,7,8,1,2,2,8,6,8,5,5,1,6,5,4,7,2,4,7
202:2,6,6,3,9,4,6,4,9,4,6,3,4,3,4,4,8,4,1,5,3,3,5,9,3,5,8,2,5,8
203:5,1,3,4,8,1,7,4,4,7,1,4,9,4,2,9,7,7,9,6,2,8,6,1,5,9,6,5,4,4
204:8,1,3,4,1,9,2,5,6,2,6,3,9,8,6,3,1,8,8,3,9,2,7,9,4,2,2,5,8,3
205:1,5,7,1,1,8,3,7,1,2,2,8,3,7,7,7,7,3,3,8,5,1,5,7,8,6,7,8,9,5
206:9,6,4,4,4,8,8,6,2,5,5,5,2,7,5,5,9,2,6,8,1,7,1,4,9,3,8,7,6,4
207:9,9,8,5,8,4,7,6,9,3,5,3,8,5,3,8,9,6,2,8,1,4,9,3,6,2,2,7,2,1
208:3,3,3,4,7,9,9,2,2,3,2,2,5,4,7,6,9,3,8,1,1,3,4,2,4,3,2,2,4,6
209:6,9,3,4,4,4,8,2,3,2,6,2,2,8,8,1,1,9,9,6,1,2,2,6,9,2,4,6,2,1
210:1,3,3,7,1,1,9,8,5,5,2,4,4,3,9,2,9,7,8,1,2,8,4,7,5,7,4,9,5,8
211:5,8,8,2,1,3,5,3,3,3,5,1,2,9,5,7,1,4,7,2,7,3,5,7,2,3,6,1,5,6
212:6,1,9,3,3,5,1,3,7,2,9,8,9,2,8,4,3,6,3,9,2,8,4,9,5,5,3,3,4,4
213:4,2,5,6,9,7,2,4,6,1,7,5,6,6,5,7,3,7,2,2,2,9,7,3,5,2,3,1,4,7
214:2,2,7,1,6,7,1,1,6,9,8,8,3,9,6,5,6,6,9,3,8,1,7,6,3,8,8,4,7,3
215:8,4,1,6,9,3,1,9,5,8,4,8,6,1,4,4,7,7,6,8,8,2,4,7,1,7,9,8,3,9
216:9,6,9,1,2,6,8,3,2,2,5,6,7,7,4,3,6,3,7,5,7,5,2,7,4,6,6,5,7,4
217:8,9,1,2,2,2,3,7,8,8,6,1,6,7,6,9,5,9,7,9,2,7,2,4,2,6,7,1,8,8
218:3,7,5,3,1,6,1,3,1,7,1,9,4,1,8,5,7,2,4,3,5,2,7,8,2,8,9,5,5,8
219:1,5,1,1,4,9,4,8,1,8,7,2,2,3,5,6,8,2,8,8,6,7,2,4,5,6,3,2,4,2
220:9,9,3,7,6,3,7,3,5,3,6,2,3,3,1,1,3,2,3,5,9,8,7,3,9,2,5,7,8,7
221:7,3,8,8,1,5,7,3,8,6,7,7,8,2,5,2,8,8,3,7,2,8,4,2,4,7,1,8,2,1
222:9,9,8,5,2,2,5,4,3,2,3,6,4,3,1,1,7,7,7,4,1,2,1,1,2,4,3,7,9,4
223:5,5,2,3,8,3,4,8,1,7,8,3,7,5,8,7,5,2,4,2,6,1,6,5,7,1,4,7,5,8
224:8,4,6,9,1,5,5,5,1,7,5,1,8,6,8,1,3,6,8,5,3,8,7,8,5,8,1,7,2,4
225:9,7,9,9,2,6,5,6,4,6,3,1,3,3,6,2,5,4,4,1,8,6,9,1,9,3,7,9,4,8
226:6,6,7,8,4,6,9,6,3,3,9,8,1,3,5,1,4,9,3,9,6,3,2,3,5,5,1,8,4,2
227:8,1,3,4,1,9,2,5,6,2,6,3,9,8,6,3,1,8,8,3,9,2,7,9,4,2,2,5,8,2
228:5,5,7,5,6,5,5,9,9,7,4,8,1,3,1,7,2,9,3,7,5,1,8,1,9,8,1,2,1,3
229:2,4,7,6,9,6,1,6,4,7,1,3,8,3,2,6,2,4,6,7,9,2,7,9,1,4,1,6,2,3
230:1,5,5,6,3,7,4,1,8,8,9,2,8,2,5,3,6,5,6,7,2,4,2,1,5,9,6,9,8,8
231:9,1,2,8,9,9,1,5,4,3,3,5,5,3,2,6,9,1,4,9,7,1,3,5,8,8,2,9,1,7
232:2,8,4,6,6,6,3,5,4,3,9,2,1,6,7,3,1,1,1,3,5,4,5,3,7,9,1,3,4,4
233:1,3,3,7,1,5,9,8,5,5,2,4,4,3,9,2,9,7,8,1,2,8,4,7,5,7,4,9,5,8
234:5,1,1,7,4,8,3,7,7,9,1,3,7,6,2,6,7,6,9,6,8,3,1,2,5,2,2,2,3,1
235:6,9,5,8,1,4,5,9,2,5,4,3,5,8,3,1,6,9,2,1,5,6,1,9,5,5,1,1,3,5
236:2,6,5,4,1,1,6,1,3,6,9,9,7,9,6,6,4,6,1,1,4,6,1,7,7,1,2,2,5,6
237:9,6,5,3,5,1,7,9,8,8,1,3,8,5,3,3,3,5,1,3,4,9,6,2,3,5,3,4,8,9
238:8,1,3,3,1,9,2,5,6,2,6,3,9,8,6,3,1,8,8,3,9,2,7,9,4,2,2,5,8,2
239:2,2,5,6,9,9,8,6,6,3,4,2,4,5,2,9,5,5,7,7,4,6,7,2,6,8,4,3,5,4
240:7,2,3,7,1,1,4,7,4,8,6,9,2,8,8,7,9,9,2,7,3,4,1,7,8,3,6,9,7,6
241:9,9,3,7,6,3,7,9,5,3,6,2,3,3,1,1,3,2,3,5,9,8,7,3,9,2,5,7,8,3
242:4,6,7,6,2,6,2,2,4,3,2,8,9,4,7,5,7,2,8,7,3,2,4,1,5,8,9,2,7,6
243:1,6,9,3,4,9,3,8,9,7,9,3,4,3,2,7,6,4,3,4,4,8,4,7,7,3,2,8,1,4
244:8,3,2,2,7,9,7,3,6,4,1,8,6,2,5,6,2,1,3,1,7,8,1,1,2,3,6,9,1,1
245:2,9,6,5,6,4,4,5,5,9,8,5,2,6,1,1,6,2,1,3,8,4,9,9,7,5,7,9,1,8
246:3,8,6,6,5,9,4,2,6,6,4,9,4,6,6,2,4,3,2,2,2,4,4,5,4,6,6,8,5,9
247:4,7,7,2,9,9,7,8,8,7,7,8,4,3,9,1,9,5,5,7,5,1,8,7,7,4,2,9,8,4
248:6,8,4,7,3,3,3,7,4,8,4,1,7,1,9,1,1,1,2,7,5,4,8,8,1,9,1,3,4,6
249:8,7,8,6,9,9,7,9,9,6,3,8,6,3,5,2,7,2,4,8,3,4,2,7,7,9,8,5,4,8
250:9,9,3,7,6,3,7,3,5,3,6,2,3,3,1,1,3,2,3,5,9,8,7,3,9,2,5,7,8,3
251:8,4,1,2,2,9,8,5,2,6,3,5,4,4,8,1,7,9,7,8,1,5,4,8,5,8,2,2,8,9
252:1,8,9,1,6,6,5,5,2,2,9,2,1,4,2,5,9,6,7,8,2,3,5,1,8,6,2,3,5,6
253:9,6,4,4,4,8,8,6,2,5,5,5,2,7,5,5,9,2,6,8,1,7,1,4,9,3,8,7,6,9
254:8,9,2,5,6,4,8,9,1,6,8,7,6,2,5,1,5,5,5,3,6,5,1,7,6,9,4,4,5,8
255:6,6,6,6,7,3,6,5,1,8,2,5,4,7,3,6,6,5,3,3,7,9,3,1,8,8,4,7,3,7
256:5,4,9,7,6,9,9,1,4,7,5,2,4,6,5,7,2,9,6,7,4,8,6,8,7,4,9,4,6,2
257:6,9,3,4,4,4,8,2,3,2,6,2,2,8,8,1,1,9,9,6,1,2,2,6,6,2,4,6,2,1
258:4,7,2,8,1,1,2,2,9,2,5,5,6,7,9,9,9,5,8,6,2,8,7,4,7,9,6,7,8,3
259:9,7,8,5,5,9,6,4,8,1,9,9,7,9,9,2,5,3,6,6,3,5,2,1,1,6,3,4,1,3
260:8,3,1,3,2,5,7,2,6,9,7,5,4,9,4,1,4,2,9,6,4,1,9,5,4,4,6,7,6,8
261:8,3,1,4,3,2,8,3,5,5,2,9,6,9,7,2,9,7,2,4,4,2,3,7,9,3,1,3,6,1
262:9,5,9,6,2,4,1,9,1,7,9,1,1,5,6,3,4,5,6,2,2,4,9,9,9,3,7,3,9,4
263:6,7,7,4,7,4,1,3,5,5,9,3,6,5,5,3,4,5,5,6,8,3,1,7,4,9,2,7,1,2
264:2,7,7,8,8,1,4,6,3,9,9,2,1,7,2,8,4,2,7,3,7,9,3,9,5,4,1,2,2,2
265:7,7,5,6,2,2,4,8,7,3,6,9,9,8,7,7,8,4,6,5,2,4,5,3,5,6,7,9,6,5
266:7,6,8,7,8,6,9,3,5,4,5,8,1,2,3,8,2,2,9,9,8,4,7,7,2,9,7,2,1,3
267:8,5,7,3,5,4,6,7,6,4,2,8,8,7,3,4,7,3,2,6,1,8,2,5,6,2,8,3,5,2
268:6,6,6,6,7,3,6,5,1,8,2,5,4,7,3,6,6,5,2,3,7,9,3,1,8,8,4,7,3,3
269:8,5,7,3,5,4,6,1,6,4,2,8,8,7,3,4,7,3,2,6,1,8,2,5,6,2,8,3,5,2
270:3,4,8,9,4,1,3,5,4,4,6,1,2,7,3,9,6,7,7,3,8,2,5,8,1,1,7,3,1,3
271:7,4,3,8,3,2,9,8,1,3,4,8,4,8,3,2,7,4,6,5,3,3,2,1,2,6,3,4,2,7
272:6,9,1,5,2,2,6,7,9,2,7,5,6,5,9,4,3,8,8,3,8,9,9,2,6,1,2,1,6,8
273:4,9,6,6,1,1,2,7,2,9,7,9,8,4,8,8,7,9,5,3,6,4,6,8,2,5,2,3,5,3
274:9,7,6,6,6,5,3,9,9,3,2,3,6,1,6,6,9,3,6,8,9,2,5,5,3,9,6,7,2,4
275:3,7,5,2,6,1,9,6,7,2,2,7,5,4,2,5,6,4,1,3,3,5,6,5,8,3,2,4,6,9
276:7,5,9,2,4,4,9,6,3,6,6,4,1,5,9,6,6,8,4,3,1,6,8,4,7,4,2,7,6,9
277:3,2,3,1,8,7,9,7,5,8,7,1,6,2,3,1,9,4,2,9,5,5,2,4,1,3,9,6,9,6
278:2,5,3,1,4,1,1,6,3,4,9,1,4,5,1,8,5,5,4,8,4,1,2,5,7,9,8,8,2,8
279:3,5,4,6,2,2,7,7,1,7,6,7,9,3,2,7,8,7,5,3,5,9,1,6,5,9,4,6,6,8
280:2,6,5,9,5,4,1,2,7,1,1,6,1,5,7,4,8,3,3,9,2,3,6,3,8,3,9,9,5,3
281:7,5,9,2,4,4,9,6,3,6,6,4,1,5,9,6,6,8,4,3,1,6,8,4,7,4,2,7,6,6
282:8,2,9,6,8,1,1,1,1,5,9,1,2,9,8,6,3,1,5,9,1,4,4,5,3,7,2,9,2,4
283:2,7,7,2,5,3,6,3,3,6,1,1,4,2,5,2,5,6,6,3,1,4,8,5,1,7,2,5,6,2
284:3,8,2,9,4,3,7,3,6,1,6,1,2,2,7,4,4,1,7,3,3,7,9,9,5,5,9,8,6,6
285:1,1,6,3,5,5,9,5,3,7,3,8,4,9,7,3,8,4,1,6,2,3,7,6,6,9,6,1,5,7
286:8,9,3,3,9,2,8,2,7,8,8,2,1,3,2,5,8,4,1,7,8,8,9,9,3,4,3,3,6,2
287:3,4,9,5,5,4,5,7,7,4,7,1,4,9,3,5,2,1,3,3,4,9,9,6,3,1,7,1,4,9
288:7,9,6,7,8,4,2,3,9,9,1,9,5,3,9,4,8,4,5,5,6,5,2,3,4,9,8,8,9,3
289:6,7,4,8,1,5,4,1,9,2,2,3,7,2,4,9,4,9,2,1,9,4,4,8,9,5,4,7,1,4
290:1,5,7,1,1,8,3,7,1,2,2,8,3,7,7,7,7,3,3,8,5,9,5,7,8,6,7,8,9,5
291:6,8,4,2,2,4,6,3,4,4,8,1,4,8,7,4,2,8,5,5,1,4,5,1,7,6,6,4,9,2
292:2,4,5,5,5,1,1,6,5,9,8,6,2,7,9,5,8,7,8,5,2,9,4,8,7,8,8,7,6,9
293:4,3,4,5,9,7,3,6,4,1,5,3,5,7,9,1,7,4,3,3,7,5,1,4,5,2,9,7,1,8
294:8,9,2,5,6,4,8,9,1,6,8,7,6,2,5,1,5,5,5,3,6,5,1,7,6,9,4,4,5,6
295:5,8,9,3,3,9,8,2,3,7,8,5,8,2,2,5,1,3,3,1,7,9,6,9,7,1,1,6,8,3
296:3,8,3,9,5,7,4,3,2,4,6,6,6,9,6,8,9,1,2,1,5,3,1,9,4,3,5,8,8,1
297:3,5,5,6,9,1,7,2,9,8,2,5,3,6,4,9,5,5,3,8,2,5,1,1,7,6,1,6,2,4
298:9,1,1,5,3,5,4,5,8,4,5,5,8,8,8,9,4,3,7,9,5,9,2,1,3,4,3,2,5,4
299:7,7,2,5,9,4,9,4,5,1,3,9,4,7,6,5,3,4,4,9,1,4,9,7,5,5,5,9,8,1
300:3,8,6,6,5,9,4,2,6,6,4,9,4,6,6,2,4,3,2,2,2,4,4,5,4,6,6,8,3,2
301:9,2,7,9,8,1,6,4,2,6,6,5,5,9,9,1,3,1,2,9,3,4,8,8,9,2,8,7,7,9
302:9,2,2,4,3,9,8,7,6,9,5,4,3,7,6,8,1,1,5,6,7,5,8,8,4,7,6,2,4,8
303:3,7,2,4,2,6,1,3,2,5,2,3,4,1,8,9,9,9,7,1,9,7,7,9,9,9,4,7,5,4
304:5,7,4,4,6,2,5,1,8,4,7,7,5,9,6,1,2,3,4,7,6,4,3,8,2,3,6,3,9,6
305:9,6,9,1,2,6,2,3,2,2,5,6,7,7,4,3,6,3,7,5,7,5,2,7,4,6,6,5,7,9
306:1,3,3,3,9,6,8,7,5,1,1,3,1,4,9,9,5,4,3,9,3,3,1,7,5,4,3,5,8,3
307:6,2,6,3,5,1,6,8,4,2,6,6,7,9,5,4,8,9,5,2,1,9,1,2,1,4,3,6,4,8
308:9,8,7,8,1,5,7,2,6,4,6,9,6,6,5,8,1,5,3,2,9,4,2,4,6,4,3,8,9,4
309:4,2,4,9,9,6,4,3,1,3,6,5,3,4,9,1,3,3,6,5,7,5,1,3,3,8,3,9,2,2
310:3,2,3,9,6,7,8,9,2,7,1,6,6,4,6,5,9,4,8,3,4,1,1,8,3,2,8,1,3,7
311:4,9,2,4,2,4,3,3,5,8,4,2,4,6,5,7,8,1,8,8,6,7,9,3,7,9,1,2,5,3
312:2,1,4,3,7,2,2,4,5,4,8,5,7,8,2,9,2,7,1,6,4,8,8,2,6,7,2,8,5,2
313:8,4,9,8,3,9,1,2,3,5,1,4,1,2,4,2,2,4,8,6,9,5,1,3,9,2,3,5,8,4
314:3,7,2,4,2,6,1,7,2,5,2,3,4,1,8,9,9,9,7,1,9,7,7,9,9,9,4,7,5,3
315:3,7,2,1,2,4,2,4,8,5,7,5,6,7,4,2,3,9,8,3,3,6,1,3,1,2,6,9,4,2
316:3,7,3,1,8,7,9,7,5,8,7,1,6,2,3,1,9,4,2,9,5,5,2,4,1,3,9,6,9,6
317:6,5,8,2,3,8,7,3,6,1,4,6,1,9,9,4,8,5,2,5,8,4,6,8,5,5,6,6,6,7
318:1,3,8,7,1,7,5,7,4,6,3,9,7,6,9,2,4,1,8,4,8,9,6,9,7,7,7,8,6,4
319:7,6,1,8,5,1,8,8,2,8,8,3,6,4,3,5,2,3,2,2,1,1,8,6,1,3,2,8,2,3
320:9,3,5,7,7,8,7,3,8,9,3,3,5,1,3,3,7,2,9,3,7,9,7,9,6,8,6,4,9,8
321:1,5,7,1,1,8,3,7,1,2,2,8,3,7,7,7,7,3,3,8,5,9,5,7,8,6,7,8,9,1
322:3,7,9,1,1,4,4,9,8,8,8,4,7,8,1,2,2,8,6,8,5,5,1,6,5,3,7,2,4,9
323:1,5,1,1,4,9,4,8,1,8,7,2,2,3,5,6,8,2,8,8,6,7,2,4,5,6,3,2,4,3
324:6,7,2,5,1,2,1,4,9,2,1,1,6,7,3,2,8,8,1,5,3,5,9,6,4,9,9,1,1,1
325:5,3,7,9,8,1,4,5,3,8,9,2,6,4,1,9,4,9,9,5,8,1,3,9,7,3,6,1,7,1
326:6,6,9,1,3,2,4,8,5,9,7,4,9,5,7,4,4,6,4,3,9,8,6,8,6,2,3,3,1,6
327:4,6,4,7,6,8,2,9,6,3,5,4,6,4,2,1,6,2,8,5,9,6,4,3,2,4,9,6,6,1
328:5,5,3,7,5,8,6,4,4,5,4,8,1,2,1,6,2,4,4,9,1,3,2,3,1,7,5,8,7,8
329:3,1,7,5,2,2,1,3,2,9,6,8,2,3,5,4,9,2,6,7,5,8,8,1,2,7,9,8,4,5
330:7,3,6,6,2,7,1,5,1,6,6,7,5,8,5,6,2,5,7,2,3,7,6,1,3,3,7,4,4,8
331:4,9,2,4,2,4,3,3,5,8,4,2,4,6,5,7,8,1,8,8,6,7,9,3,7,9,1,2,7,4
332:9,9,5,8,3,8,3,8,4,3,8,7,3,1,6,5,8,3,1,8,9,6,3,1,2,9,7,5,2,6
333:1,6,6,9,4,6,3,8,4,9,5,9,6,1,4,6,4,3,9,2,8,9,8,3,5,8,4,8,9,1
334:6,8,5,6,9,6,7,3,3,4,6,2,1,4,2,3,2,9,1,4,7,5,7,3,5,4,8,1,2,1
335:2,1,3,2,6,8,3,4,5,6,1,8,5,7,6,3,5,8,6,2,5,6,6,1,5,6,3,5,3,2
336:4,2,4,7,5,8,6,1,8,3,6,3,8,9,9,7,8,6,9,7,7,8,3,5,3,6,5,5,2,4
337:9,7,7,5,4,4,5,5,9,2,2,7,9,7,4,8,5,3,7,2,1,5,1,7,4,7,2,3,7,1
338:6,9,3,4,4,4,8,2,3,2,6,2,2,8,8,1,1,9,9,6,1,2,2,6,6,2,4,6,2,6
339:9,5,1,3,2,5,5,3,2,4,6,9,9,2,1,2,8,3,1,2,2,6,8,3,1,3,4,1,4,3
340:6,3,1,5,6,5,2,8,9,8,8,9,1,6,6,3,1,3,2,3,9,9,1,3,7,6,7,1,4,1
341:1,6,3,5,6,4,5,2,3,6,4,8,1,4,9,8,1,4,5,3,7,4,8,4,5,9,4,4,6,1
342:6,4,4,2,6,3,1,2,1,8,6,2,5,8,7,5,9,9,1,9,9,6,8,2,8,9,5,1,9,1
343:9,3,9,3,7,7,4,2,4,8,5,3,1,4,2,5,7,8,6,8,3,3,4,4,3,5,2,9,3,5
344:4,2,4,9,9,6,4,3,1,3,6,5,3,4,9,1,3,3,6,5,7,5,1,3,3,8,3,9,2,2
345:5,2,6,2,8,7,3,6,4,7,1,9,2,7,1,3,1,5,9,5,3,2,9,1,1,6,4,8,1,3
346:7,7,2,5,9,4,9,4,5,1,5,9,4,7,6,5,3,4,4,9,1,4,9,7,5,5,5,9,8,1
347:4,5,2,1,2,7,2,8,9,1,1,7,6,6,2,7,6,8,7,9,3,3,6,8,4,3,6,5,2,2
348:3,7,8,2,9,2,2,5,3,5,8,7,9,1,2,2,9,7,7,5,2,2,5,5,7,4,8,8,5,1
349:2,6,6,3,9,4,6,4,9,4,6,3,4,3,4,4,8,4,1,5,3,3,5,9,3,5,8,2,5,5
350:4,8,6,7,4,8,8,6,5,4,9,6,8,8,7,8,8,4,4,1,9,4,2,3,5,8,3,9,7,4
351:9,5,4,5,7,7,1,3,5,5,7,8,2,4,4,8,9,3,1,6,5,3,9,4,4,5,2,1,1,3
352:8,9,3,3,9,2,8,2,7,8,8,2,1,3,2,5,8,4,1,7,8,8,9,9,2,4,3,3,6,7
353:4,7,2,1,3,1,7,9,4,2,3,8,5,6,8,1,7,5,6,9,8,7,1,1,8,4,3,6,1,6
354:4,3,5,4,2,2,9,1,6,9,4,7,5,3,1,9,1,6,1,7,8,1,9,6,2,8,3,5,2,5
355:8,5,1,7,1,6,5,2,8,9,4,9,5,9,7,1,1,7,5,2,1,5,4,4,7,4,4,6,7,2
356:6,4,1,2,6,6,5,1,5,2,7,8,8,8,4,5,3,2,2,1,8,3,3,2,2,2,3,1,9,6
357:1,5,2,9,4,2,9,1,9,7,3,2,5,5,3,3,5,7,6,8,3,1,5,9,1,4,9,3,7,6
358:5,9,4,9,8,8,5,7,2,9,2,1,8,1,2,7,5,9,6,4,3,8,1,2,1,1,8,3,1,7
359:9,2,9,6,5,8,5,8,9,1,6,4,5,7,7,7,6,8,3,5,9,2,4,3,1,3,5,6,3,2
360:8,9,2,5,6,4,8,9,1,6,8,7,6,2,5,1,5,5,5,3,6,5,1,7,7,9,4,4,5,6
361:6,6,9,7,2,1,9,5,1,2,9,1,6,3,7,1,7,4,7,5,1,9,2,6,1,9,1,9,6,3
362:5,3,9,1,5,4,1,2,3,4,8,1,2,9,4,5,7,9,6,1,5,6,8,8,7,4,1,9,3,7
363:2,6,5,8,6,2,5,3,2,6,1,1,3,2,3,3,2,2,8,4,8,6,4,4,2,6,6,7,9,4
364:5,9,7,5,2,1,8,4,4,8,3,7,7,1,7,3,2,6,4,1,8,4,1,8,3,3,8,1,8,7
365:1,6,3,7,7,6,6,1,4,5,5,7,2,6,2,4,1,8,8,5,3,2,4,5,7,4,8,2,6,1
366:4,3,5,4,2,2,9,1,6,9,4,7,5,3,1,9,1,6,1,7,8,1,9,6,2,8,3,1,2,5
367:8,4,1,2,2,9,8,5,4,6,3,5,4,4,8,1,7,9,7,8,1,5,4,8,5,8,2,2,8,6
368:4,7,2,5,1,1,9,6,4,2,6,1,6,8,9,9,7,1,5,7,4,4,9,1,2,1,4,7,6,1
369:6,8,4,2,2,4,6,3,4,4,8,1,4,8,7,4,2,8,5,5,1,4,5,1,7,6,6,4,9,4
370:5,5,7,5,6,5,5,9,9,7,4,8,1,3,1,7,2,9,4,7,5,1,8,1,9,8,1,2,1,3
371:1,5,2,1,2,7,2,8,9,1,1,7,6,6,2,7,6,8,7,9,3,3,6,8,4,3,6,5,2,8
372:8,1,4,2,8,1,4,5,4,3,4,4,8,2,3,6,4,5,4,7,4,5,4,3,2,5,7,3,6,7
373:4,7,2,9,4,8,9,6,9,2,3,2,1,2,4,4,5,4,3,6,3,5,5,4,2,2,2,8,5,1
374:7,9,8,3,2,6,8,7,9,1,2,8,8,1,3,1,4,1,3,5,9,5,9,9,2,7,7,3,1,2
375:8,9,3,3,9,2,8,2,7,8,8,2,1,3,2,5,8,4,1,7,8,8,9,9,3,4,3,3,6,7
376:6,1,9,6,4,1,4,1,3,5,5,4,6,5,1,2,8,3,6,9,1,4,4,2,6,3,6,1,4,5
377:8,6,2,6,4,6,3,2,9,2,6,7,2,3,5,7,3,9,6,1,4,5,4,8,1,1,1,9,5,6
378:3,5,5,1,1,9,7,1,3,4,1,5,2,5,1,6,2,3,5,4,5,6,7,6,6,7,4,9,7,3
379:9,6,5,3,5,1,7,9,8,8,1,3,8,5,3,3,3,5,1,3,4,9,6,2,3,5,3,4,8,6
380:1,5,1,3,6,4,8,5,8,8,2,3,4,5,7,6,4,7,1,5,9,3,1,7,4,5,1,9,7,8
381:2,4,7,6,9,6,1,6,4,7,1,3,8,3,9,6,2,4,6,7,9,2,7,9,1,4,1,6,2,5
382:6,3,4,2,3,5,9,7,6,9,6,5,1,5,7,9,9,9,9,5,5,9,2,5,9,9,5,5,6,9
383:5,2,3,5,8,6,1,6,5,3,9,9,2,5,6,2,1,5,9,2,5,1,3,5,1,1,3,5,7,9
384:5,5,7,5,6,5,5,9,9,7,4,8,1,3,1,7,2,9,4,7,5,1,8,1,9,8,1,2,1,9
385:3,5,5,1,1,9,7,1,3,4,1,5,2,5,1,6,2,3,5,4,5,6,7,6,6,7,4,9,7,5
386:9,9,5,8,3,8,3,8,4,3,8,7,3,1,6,3,8,3,1,8,9,6,3,1,2,9,7,5,2,6
387:8,4,1,6,9,3,1,9,5,8,4,8,6,1,4,4,7,7,6,8,8,2,4,7,1,7,9,8,3,6
388:7,6,8,7,8,6,9,3,5,4,5,8,1,2,3,8,2,2,9,9,8,4,7,7,2,9,7,2,1,4
389:9,1,2,8,9,9,1,5,4,3,3,5,5,3,2,6,9,1,4,9,7,1,3,5,8,8,2,9,1,1
390:1,5,4,5,4,7,1,8,6,6,5,8,8,1,7,8,9,2,4,3,7,9,4,6,2,6,3,9,7,1
391:2,4,7,6,9,6,1,6,4,7,1,3,8,3,9,6,2,4,6,7,9,2,7,9,1,4,1,6,2,3
392:2,3,2,9,3,6,4,6,4,9,1,2,9,2,9,3,8,3,6,1,2,3,1,5,7,7,3,5,8,9
393:1,9,8,9,1,4,7,3,4,5,9,6,4,1,1,8,2,7,5,2,5,1,8,9,8,7,3,9,4,7
394:3,2,3,9,6,7,8,9,2,7,1,6,6,4,6,5,9,4,8,3,4,1,1,8,3,2,8,1,3,7
395:9,7,7,6,2,1,3,5,9,8,8,2,4,1,2,6,1,9,6,2,6,7,1,9,6,8,2,9,1,5
396:6,8,7,8,7,2,9,8,7,2,3,1,6,3,1,4,3,3,2,2,6,9,3,1,1,7,3,7,8,5
397:3,7,4,5,2,6,7,9,1,7,4,9,3,8,3,3,8,4,2,2,1,6,5,5,6,6,4,5,9,9
398:6,1,9,3,3,5,1,3,7,2,9,8,9,2,8,4,3,6,3,9,2,8,4,9,5,5,3,3,4,4
399:6,1,4,3,3,5,1,3,7,2,9,8,9,2,8,4,3,6,3,9,2,8,4,9,5,5,3,3,4,4
400:8,5,8,6,9,9,7,9,9,6,3,8,6,3,5,2,7,2,4,8,3,4,2,7,7,9,8,5,4,8
401:6,9,8,7,6,8,7,4,2,8,4,3,9,3,1,6,9,1,2,6,2,6,5,7,1,6,5,6,6,3
402:9,7,2,7,9,1,9,4,7,7,4,7,2,1,2,5,2,8,5,9,7,5,2,3,5,1,6,7,2,2
403:6,3,4,2,3,5,9,7,6,9,6,5,1,5,7,9,9,9,9,5,5,9,2,5,9,9,5,5,6,3
404:8,5,3,8,9,5,3,9,4,1,8,6,6,7,2,2,6,2,6,6,2,3,6,7,8,4,8,2,8,9
405:5,7,4,2,5,5,9,6,6,4,9,9,4,1,2,7,2,3,5,9,5,3,3,5,5,5,7,2,2,3
406:6,5,2,4,9,2,1,4,8,7,1,7,6,4,6,9,3,7,1,6,9,3,3,8,8,4,3,6,9,2
407:1,4,9,7,3,8,5,5,1,1,8,1,3,8,1,1,2,8,9,6,9,4,4,5,8,3,7,8,6,9
408:9,4,2,7,5,8,9,6,4,5,7,2,9,2,2,7,6,8,1,5,7,5,4,2,5,3,9,6,6,9
409:9,5,7,8,6,1,5,1,4,6,6,6,5,2,6,1,7,4,9,7,8,4,9,5,7,4,6,4,5,3
410:2,1,1,8,6,3,7,9,6,7,3,1,6,7,8,4,6,2,9,2,2,7,8,5,6,3,5,7,5,2
411:7,7,2,5,9,4,9,4,5,1,5,9,4,7,6,5,3,4,4,9,1,4,9,7,5,5,5,9,8,9
412:2,1,8,8,3,1,8,8,1,5,7,8,7,2,8,5,7,1,5,2,4,2,1,1,2,2,8,9,1,1
413:4,1,2,7,6,7,8,9,5,1,1,9,2,8,2,5,2,8,6,2,2,2,5,5,5,6,9,8,4,9
414:5,9,7,4,6,6,3,1,3,9,5,8,5,4,6,8,9,2,3,3,5,4,8,9,7,6,7,6,4,5
415:2,2,5,8,5,2,3,5,1,1,2,8,2,5,5,9,9,9,7,7,6,6,2,4,6,4,2,6,7,9
416:3,8,3,9,5,7,4,3,2,4,6,6,6,9,6,8,9,1,2,1,5,3,1,9,4,3,5,8,8,4
417:4,5,9,4,1,1,5,1,1,2,4,2,9,9,7,9,8,5,1,7,6,3,1,9,8,7,4,8,3,1
418:7,2,8,3,7,9,3,9,7,9,8,6,5,6,2,9,4,6,5,9,1,4,1,5,5,9,8,9,6,6
419:5,7,4,2,5,5,9,6,6,4,9,9,4,1,2,7,2,3,5,9,5,3,3,4,5,5,7,2,2,8
420:1,8,6,2,5,2,2,9,8,4,3,7,7,1,6,8,3,5,1,2,9,7,7,5,2,9,7,6,5,1
421:7,1,3,9,3,9,8,4,2,7,2,2,3,6,5,6,7,4,5,1,9,5,3,8,3,6,7,5,6,2
422:9,7,9,9,2,6,5,6,4,6,3,1,3,3,6,2,5,4,4,1,8,6,9,1,9,3,7,9,4,2
423:5,1,8,6,3,7,6,6,2,9,7,5,9,4,7,1,4,6,7,3,2,1,7,1,7,3,7,6,6,2
424:1,6,1,9,7,5,6,7,4,7,4,6,7,8,4,8,9,3,6,8,4,2,4,2,3,7,3,6,4,1
425:9,7,6,6,6,5,3,9,9,3,7,3,6,1,6,6,9,3,6,8,9,2,5,5,3,9,6,7,2,2
426:9,7,6,6,6,5,3,9,9,3,7,3,6,1,6,6,9,3,6,8,9,2,5,5,3,9,6,7,2,4
427:5,3,5,3,8,7,8,2,8,4,7,9,3,8,4,7,5,5,4,9,8,1,8,2,9,3,4,6,7,3
428:7,1,4,9,1,2,9,5,1,2,6,1,8,9,8,8,7,2,7,9,1,6,9,4,2,3,2,8,9,6
429:4,4,9,7,3,6,1,2,9,5,9,1,4,3,1,7,8,4,6,4,6,6,4,1,5,6,8,1,8,9
430:7,7,5,6,2,2,4,8,7,3,6,9,9,8,7,7,8,4,6,5,2,4,5,3,5,6,7,9,6,2
431:7,8,6,6,3,9,1,6,8,4,7,9,2,5,7,6,1,1,3,8,4,5,8,5,8,1,4,5,5,3
432:3,7,6,4,2,5,5,8,6,7,3,9,5,7,5,4,5,3,4,5,1,8,6,2,3,1,1,4,1,8
433:8,5,1,7,1,6,5,2,8,9,4,9,5,9,7,1,1,7,5,2,1,5,4,4,7,4,4,6,7,5
434:7,7,1,5,3,4,2,1,1,7,5,5,8,8,5,7,2,9,6,7,7,4,3,5,6,8,3,5,4,5
435:8,8,2,1,8,9,3,1,2,7,3,7,7,9,6,2,9,3,5,4,5,7,8,3,1,8,5,9,4,6
436:8,9,5,8,1,7,7,7,4,2,6,3,5,2,5,6,1,6,2,6,4,8,3,2,2,3,9,5,1,1
437:4,7,2,5,1,1,9,6,6,2,6,1,6,8,9,9,7,1,5,7,4,4,9,1,2,1,4,7,6,1
438:7,2,6,3,5,7,8,2,3,5,6,2,1,7,3,1,7,5,5,5,2,4,8,2,5,5,1,6,6,8
439:5,1,2,6,2,7,5,3,1,3,2,9,1,1,6,3,1,2,2,6,1,6,8,9,5,8,7,2,8,2
440:1,7,1,7,8,7,3,6,9,7,8,9,8,2,5,6,6,6,3,1,9,9,5,7,5,9,7,8,6,1
441:8,3,1,3,2,5,7,2,6,9,7,5,4,9,4,1,4,2,9,7,4,1,9,5,4,4,6,7,6,9
442:4,2,9,2,7,4,8,6,5,8,3,4,6,1,1,6,6,9,5,2,8,4,8,9,6,1,5,3,2,4
443:7,3,8,1,6,4,5,5,8,5,7,5,5,5,3,8,2,8,7,9,8,1,8,9,6,5,7,1,6,4
444:5,4,3,8,9,2,5,8,4,3,4,3,1,5,4,9,7,6,2,1,3,7,1,9,9,6,7,3,4,7
445:2,4,7,1,6,7,1,1,6,9,8,8,3,9,6,5,6,6,9,3,8,1,7,6,3,8,8,4,7,3
446:5,7,3,9,4,2,9,8,9,5,3,8,5,6,3,1,1,1,7,3,9,3,7,7,8,8,5,9,6,2
447:3,6,1,3,2,6,6,6,1,8,2,5,2,8,5,8,5,6,9,4,7,3,9,9,9,7,7,6,4,3
448:7,8,2,5,5,1,5,6,2,3,5,2,5,2,3,1,5,5,5,1,6,3,8,1,4,9,4,1,8,9
449:4,6,6,8,3,4,2,4,9,4,7,9,4,6,3,8,2,2,1,1,8,2,2,5,4,3,6,3,2,7
450:2,2,5,5,4,7,3,8,2,7,5,6,6,1,4,5,8,1,8,5,5,8,3,1,6,8,1,3,9,7
451:7,2,3,7,1,1,4,7,4,8,6,9,2,8,8,7,9,9,2,7,3,4,1,7,8,3,6,9,7,1
452:3,9,9,3,6,8,1,4,7,7,4,2,5,4,5,4,8,8,3,1,6,7,7,4,8,5,3,2,4,8
453:6,5,2,4,9,2,1,4,8,7,1,7,6,4,6,9,3,7,1,6,9,3,3,8,8,4,3,6,4,2
454:9,3,8,4,8,5,8,3,7,8,8,4,7,3,6,7,2,3,1,7,8,9,7,3,4,2,2,2,7,3
455:7,1,2,8,8,6,3,8,7,1,7,1,3,4,1,4,1,2,4,8,6,7,7,4,4,6,2,6,1,6
456:7,2,2,9,4,4,4,8,6,6,1,9,1,1,7,8,8,4,4,2,8,6,4,5,2,1,1,7,8,2
457:3,7,7,8,4,3,4,1,3,1,3,5,5,4,3,3,9,7,8,7,5,9,3,6,2,6,4,2,6,8
458:6,3,6,7,9,5,3,5,7,3,4,7,3,4,8,1,2,9,5,3,5,2,6,1,2,1,4,5,3,4
459:3,8,4,4,7,8,8,4,4,6,2,1,2,2,8,2,4,1,7,7,2,2,4,7,4,2,4,3,7,2
460:7,8,9,5,3,5,7,9,2,1,8,9,3,2,7,7,1,3,8,6,2,8,9,5,1,4,1,1,3,2
461:8,3,1,4,3,2,8,3,3,5,2,9,6,9,7,2,9,7,2,4,4,2,3,7,9,3,1,3,6,1
462:5,3,5,4,6,8,8,5,1,4,9,7,2,1,1,1,3,9,4,6,3,7,8,1,2,2,1,6,9,9
463:7,9,3,5,2,2,6,2,9,7,9,7,4,5,8,1,7,4,5,4,3,9,5,9,8,5,3,8,8,2
464:6,8,4,2,2,4,6,3,4,4,8,1,4,4,7,4,2,8,5,5,1,4,5,1,7,6,6,4,9,2
465:8,8,4,9,4,9,2,9,5,1,5,1,2,9,7,9,6,3,7,7,1,2,6,7,3,9,4,4,1,1
466:9,5,4,5,7,7,1,3,5,5,7,8,2,4,4,8,9,3,1,6,9,3,9,4,4,5,2,1,1,3
467:2,4,1,3,1,8,9,9,4,7,3,1,8,2,6,7,9,1,2,6,1,3,2,2,5,5,9,1,1,3
468:7,5,5,8,6,6,9,5,6,4,7,3,4,9,9,5,3,4,9,4,2,1,8,9,1,3,6,6,3,9
469:5,4,7,6,6,5,8,8,8,9,5,5,1,8,8,1,5,9,7,1,3,8,5,4,7,7,8,3,8,5
470:6,9,5,8,1,3,5,9,2,5,4,3,5,8,3,1,6,9,2,1,5,6,1,9,5,5,1,1,3,5
471:8,3,1,3,2,5,7,2,6,9,7,5,4,9,4,1,4,2,9,7,4,1,9,5,4,4,6,7,6,8
472:4,3,8,4,7,1,5,3,9,1,5,7,4,8,2,4,4,9,3,2,9,1,4,5,5,6,9,1,3,7
473:8,4,6,9,1,5,5,5,1,7,5,1,8,6,8,1,3,6,8,5,3,8,7,8,5,8,1,1,2,2
474:5,5,2,8,1,4,2,4,3,2,3,8,7,9,1,3,2,6,6,4,9,1,2,9,3,8,5,8,5,5
475:7,5,8,6,8,5,3,9,3,8,9,5,6,5,5,3,8,4,8,8,4,8,9,6,5,5,6,6,6,7
476:4,7,2,5,1,1,9,6,4,2,6,1,6,8,9,9,7,1,5,7,4,4,9,1,2,1,4,7,6,9
477:8,5,7,3,5,4,6,1,6,4,2,8,8,7,3,4,7,3,2,6,1,8,2,5,6,2,8,3,5,2
478:1,8,9,1,6,6,5,5,2,2,9,2,1,4,2,5,9,6,7,8,2,3,5,1,8,6,2,3,5,1
479:7,8,3,4,7,6,1,9,9,2,1,2,6,8,5,9,8,5,9,4,7,3,3,2,2,9,5,9,4,1
480:2,1,2,3,9,2,4,9,7,5,3,8,7,8,3,3,4,2,9,7,4,7,3,5,4,3,4,4,3,9
481:3,7,2,1,2,4,2,4,8,5,7,5,6,7,4,2,3,9,8,3,3,6,1,3,1,7,6,9,4,2
482:9,8,6,6,6,3,8,4,6,4,9,3,9,9,6,1,8,5,3,4,5,1,2,7,5,2,4,9,4,7
483:4,6,5,3,7,4,6,8,6,3,8,6,6,4,3,5,7,9,9,4,7,6,6,4,2,9,3,6,9,6
484:8,9,6,1,2,6,5,8,8,1,3,3,4,3,2,6,2,8,6,8,3,9,3,6,1,2,9,8,4,5
485:7,6,8,7,8,1,9,3,5,4,5,8,1,2,3,8,2,2,9,9,8,4,7,7,2,9,7,2,1,4
486:1,1,6,3,5,5,9,5,3,7,3,8,4,9,7,3,8,4,1,6,2,3,7,6,6,4,6,1,5,2
487:1,1,3,5,2,8,7,6,5,9,7,9,9,3,8,8,9,4,3,8,2,3,4,2,4,5,2,4,4,8
488:5,1,4,1,9,7,5,3,5,2,1,5,9,4,1,7,4,6,5,2,7,5,4,3,1,5,1,3,3,7
489:6,9,5,8,1,4,5,9,2,5,4,3,5,8,3,1,6,9,2,1,5,6,1,9,5,5,1,1,3,5
490:8,3,5,9,7,9,3,3,8,5,6,9,6,5,5,1,3,3,3,3,6,5,8,3,8,1,4,9,7,9
491:7,8,9,5,3,1,4,6,3,8,6,5,5,2,5,9,2,1,5,4,9,9,9,9,9,8,7,6,8,5
492:9,5,3,4,1,6,9,8,3,2,2,7,1,5,8,1,6,7,2,5,4,7,6,3,1,4,8,2,8,6
493:3,4,8,9,4,1,3,5,4,4,6,1,2,7,3,9,6,7,5,3,8,2,5,8,1,1,7,3,1,3
494:3,7,9,1,1,4,4,9,8,8,8,4,7,8,1,2,2,8,6,8,5,5,1,6,5,3,7,2,4,7
495:9,5,4,4,5,4,5,7,7,6,5,2,9,6,3,5,5,6,3,8,2,4,6,3,4,8,9,2,8,8
496:3,4,7,7,5,1,1,4,3,1,1,6,6,8,3,2,6,6,2,9,3,7,7,9,1,9,4,5,6,1
497:4,5,9,4,1,1,5,1,1,2,4,2,9,9,7,9,8,5,1,7,6,5,1,9,8,7,4,8,3,5
498:3,8,3,9,5,7,4,3,2,4,6,6,6,3,6,8,9,1,2,1,5,3,1,9,4,3,5,8,8,1
499:6,1,5,5,7,5,2,3,9,5,3,3,9,6,3,4,2,2,1,3,1,9,6,1,7,7,6,9,1,8
500:5,4,4,7,9,6,8,4,8,1,7,6,3,9,9,7,7,9,9,1,9,1,6,7,1,6,7,9,6,6
